poly_idx: 187
point: [0.25, 2.25, 0.15, 3.141592653589793, 3.141592653589793, -3.141592653589793]