poly_idx: 8
point: [4.25, 4.25, 0.15, 3.141592653589793, 3.141592653589793, 3.141592653589793]